   0.12031E+03    0.33451E+00    0.75162E+02    0.49161E+02
   0.12025E+03    0.33644E+00    0.72139E+02    0.52057E+02
   0.12041E+03    0.33642E+00    0.74034E+02    0.52563E+02
   0.12052E+03    0.33586E+00    0.78025E+02    0.51674E+02
   0.12070E+03    0.26682E+00    0.81314E+02    0.50488E+02
   0.12067E+03    0.26784E+00    0.82275E+02    0.49687E+02
   0.12062E+03    0.27916E+00    0.81108E+02    0.49542E+02
   0.12052E+03    0.28100E+00    0.79148E+02    0.49831E+02
   0.12048E+03    0.22941E+00    0.77619E+02    0.50177E+02
   0.12045E+03    0.23039E+00    0.76860E+02    0.50363E+02
   0.12044E+03    0.20976E+00    0.76708E+02    0.50372E+02
   0.12044E+03    0.21032E+00    0.76764E+02    0.50280E+02
   0.12043E+03    0.21184E+00    0.76753E+02    0.50180E+02
   0.12041E+03    0.21231E+00    0.76579E+02    0.50127E+02
   0.12039E+03    0.20231E+00    0.76294E+02    0.50117E+02
   0.12038E+03    0.20263E+00    0.75984E+02    0.50140E+02
   0.12037E+03    0.18923E+00    0.75740E+02    0.50168E+02
   0.12036E+03    0.18934E+00    0.75571E+02    0.50190E+02
   0.12036E+03    0.18081E+00    0.75477E+02    0.50205E+02
   0.12036E+03    0.18073E+00    0.75425E+02    0.50218E+02
   0.12036E+03    0.17552E+00    0.75406E+02    0.50234E+02
   0.12035E+03    0.17528E+00    0.75402E+02    0.50259E+02
   0.12035E+03    0.17193E+00    0.75425E+02    0.50291E+02
   0.12035E+03    0.17153E+00    0.75487E+02    0.50329E+02
   0.12034E+03    0.17100E+00    0.75596E+02    0.50370E+02
   0.12034E+03    0.17045E+00    0.75752E+02    0.50411E+02
   0.12034E+03    0.17344E+00    0.75948E+02    0.50455E+02
   0.12034E+03    0.17275E+00    0.76184E+02    0.50498E+02
   0.12034E+03    0.17903E+00    0.76448E+02    0.50546E+02
   0.12034E+03    0.17819E+00    0.76749E+02    0.50592E+02
   0.12033E+03    0.18731E+00    0.77072E+02    0.50643E+02
   0.12033E+03    0.18632E+00    0.77430E+02    0.50691E+02
   0.12033E+03    0.19806E+00    0.77804E+02    0.50742E+02
   0.12034E+03    0.19693E+00    0.78207E+02    0.50789E+02
   0.12033E+03    0.21089E+00    0.78615E+02    0.50839E+02
   0.12034E+03    0.20964E+00    0.79046E+02    0.50884E+02
   0.12034E+03    0.22527E+00    0.79478E+02    0.50932E+02
   0.12034E+03    0.22393E+00    0.79927E+02    0.50972E+02
   0.12034E+03    0.24065E+00    0.80364E+02    0.51015E+02
   0.12035E+03    0.23927E+00    0.80807E+02    0.51051E+02
   0.12035E+03    0.25649E+00    0.81229E+02    0.51092E+02
   0.12035E+03    0.25512E+00    0.81658E+02    0.51123E+02
   0.12036E+03    0.27218E+00    0.82064E+02    0.51156E+02
   0.12036E+03    0.27090E+00    0.82463E+02    0.51181E+02
   0.12037E+03    0.28732E+00    0.82827E+02    0.51210E+02
   0.12037E+03    0.28620E+00    0.83177E+02    0.51233E+02
   0.12038E+03    0.30147E+00    0.83499E+02    0.51259E+02
   0.12038E+03    0.30055E+00    0.83810E+02    0.51274E+02
   0.12039E+03    0.31436E+00    0.84083E+02    0.51293E+02
   0.12040E+03    0.31371E+00    0.84332E+02    0.51306E+02
   0.12040E+03    0.32593E+00    0.84542E+02    0.51324E+02
   0.12041E+03    0.32558E+00    0.84738E+02    0.51336E+02
   0.12041E+03    0.33595E+00    0.84905E+02    0.51346E+02
   0.12042E+03    0.33592E+00    0.85048E+02    0.51352E+02
   0.12042E+03    0.34464E+00    0.85154E+02    0.51359E+02
   0.12043E+03    0.34493E+00    0.85237E+02    0.51366E+02
   0.12043E+03    0.35198E+00    0.85295E+02    0.51370E+02
   0.12044E+03    0.35256E+00    0.85340E+02    0.51371E+02
   0.12044E+03    0.35807E+00    0.85356E+02    0.51368E+02
   0.12044E+03    0.35891E+00    0.85352E+02    0.51366E+02
   0.12044E+03    0.36317E+00    0.85323E+02    0.51361E+02
   0.12045E+03    0.36424E+00    0.85284E+02    0.51357E+02
   0.12045E+03    0.36728E+00    0.85229E+02    0.51345E+02
   0.12045E+03    0.36852E+00    0.85162E+02    0.51335E+02
   0.12045E+03    0.37070E+00    0.85078E+02    0.51318E+02
   0.12046E+03    0.37208E+00    0.84979E+02    0.51307E+02
   0.12045E+03    0.37358E+00    0.84855E+02    0.51291E+02
   0.12046E+03    0.37505E+00    0.84719E+02    0.51285E+02
   0.12045E+03    0.37606E+00    0.84584E+02    0.51269E+02
   0.12045E+03    0.37756E+00    0.84461E+02    0.51254E+02
   0.12045E+03    0.37837E+00    0.84346E+02    0.51224E+02
   0.12045E+03    0.37988E+00    0.84236E+02    0.51198E+02
   0.12045E+03    0.38068E+00    0.84123E+02    0.51159E+02
   0.12045E+03    0.38219E+00    0.84008E+02    0.51130E+02
   0.12045E+03    0.38264E+00    0.83891E+02    0.51090E+02
   0.12045E+03    0.38411E+00    0.83775E+02    0.51060E+02
   0.12044E+03    0.38435E+00    0.83660E+02    0.51018E+02
   0.12044E+03    0.38576E+00    0.83550E+02    0.50986E+02
   0.12044E+03    0.38601E+00    0.83443E+02    0.50941E+02
   0.12044E+03    0.38735E+00    0.83338E+02    0.50907E+02
   0.12043E+03    0.38750E+00    0.83234E+02    0.50862E+02
   0.12043E+03    0.38875E+00    0.83132E+02    0.50827E+02
   0.12043E+03    0.38860E+00    0.83032E+02    0.50783E+02
   0.12042E+03    0.38974E+00    0.82934E+02    0.50748E+02
   0.12042E+03    0.38915E+00    0.82837E+02    0.50704E+02
   0.12042E+03    0.39018E+00    0.82740E+02    0.50670E+02
   0.12041E+03    0.38898E+00    0.82644E+02    0.50628E+02
   0.12041E+03    0.38988E+00    0.82547E+02    0.50596E+02
   0.12041E+03    0.38791E+00    0.82453E+02    0.50556E+02
   0.12040E+03    0.38867E+00    0.82356E+02    0.50525E+02
   0.12040E+03    0.38586E+00    0.82260E+02    0.50492E+02
   0.12040E+03    0.38653E+00    0.82160E+02    0.50463E+02
   0.12040E+03    0.38287E+00    0.82064E+02    0.50432E+02
   0.12040E+03    0.38348E+00    0.81960E+02    0.50403E+02
   0.12040E+03    0.37899E+00    0.81854E+02    0.50375E+02
   0.12040E+03    0.37954E+00    0.81734E+02    0.50348E+02
   0.12040E+03    0.37408E+00    0.81610E+02    0.50326E+02
   0.12039E+03    0.37454E+00    0.81480E+02    0.50305E+02
   0.12039E+03    0.36802E+00    0.81356E+02    0.50286E+02
   0.12039E+03    0.36837E+00    0.81228E+02    0.50268E+02
   0.12039E+03    0.36111E+00    0.81104E+02    0.50253E+02
   0.12039E+03    0.36133E+00    0.80972E+02    0.50242E+02
   0.12039E+03    0.35365E+00    0.80849E+02    0.50235E+02
   0.12039E+03    0.35371E+00    0.80733E+02    0.50229E+02
   0.12039E+03    0.34594E+00    0.80636E+02    0.50226E+02
   0.12038E+03    0.34583E+00    0.80547E+02    0.50224E+02
   0.12038E+03    0.33852E+00    0.80470E+02    0.50225E+02
   0.12038E+03    0.33824E+00    0.80400E+02    0.50230E+02
   0.12038E+03    0.33167E+00    0.80351E+02    0.50239E+02
   0.12037E+03    0.33119E+00    0.80319E+02    0.50250E+02
   0.12037E+03    0.32568E+00    0.80312E+02    0.50262E+02
   0.12037E+03    0.32501E+00    0.80320E+02    0.50277E+02
   0.12037E+03    0.32095E+00    0.80349E+02    0.50295E+02
   0.12037E+03    0.32010E+00    0.80399E+02    0.50315E+02
   0.12036E+03    0.31757E+00    0.80473E+02    0.50337E+02
   0.12036E+03    0.31654E+00    0.80570E+02    0.50360E+02
   0.12036E+03    0.31570E+00    0.80687E+02    0.50385E+02
   0.12036E+03    0.31449E+00    0.80825E+02    0.50412E+02
   0.12036E+03    0.31541E+00    0.80983E+02    0.50441E+02
   0.12036E+03    0.31406E+00    0.81162E+02    0.50469E+02
   0.12035E+03    0.31662E+00    0.81356E+02    0.50500E+02
   0.12035E+03    0.31515E+00    0.81568E+02    0.50528E+02
   0.12035E+03    0.31922E+00    0.81789E+02    0.50559E+02
   0.12035E+03    0.31768E+00    0.82022E+02    0.50587E+02
   0.12035E+03    0.32290E+00    0.82259E+02    0.50619E+02
   0.12036E+03    0.32134E+00    0.82505E+02    0.50646E+02
   0.12036E+03    0.32735E+00    0.82750E+02    0.50676E+02
   0.12036E+03    0.32581E+00    0.83000E+02    0.50701E+02
   0.12036E+03    0.33225E+00    0.83243E+02    0.50729E+02
   0.12036E+03    0.33077E+00    0.83484E+02    0.50752E+02
   0.12037E+03    0.33727E+00    0.83715E+02    0.50779E+02
   0.12037E+03    0.33590E+00    0.83944E+02    0.50799E+02
   0.12037E+03    0.34214E+00    0.84159E+02    0.50823E+02
   0.12038E+03    0.34092E+00    0.84367E+02    0.50840E+02
   0.12038E+03    0.34667E+00    0.84556E+02    0.50862E+02
   0.12039E+03    0.34564E+00    0.84735E+02    0.50877E+02
   0.12039E+03    0.35071E+00    0.84899E+02    0.50897E+02
   0.12039E+03    0.34989E+00    0.85054E+02    0.50908E+02
   0.12040E+03    0.35419E+00    0.85189E+02    0.50924E+02
   0.12040E+03    0.35360E+00    0.85310E+02    0.50933E+02
   0.12041E+03    0.35713E+00    0.85411E+02    0.50947E+02
   0.12041E+03    0.35677E+00    0.85503E+02    0.50955E+02
   0.12041E+03    0.35951E+00    0.85581E+02    0.50964E+02
   0.12042E+03    0.35938E+00    0.85645E+02    0.50967E+02
   0.12042E+03    0.36147E+00    0.85690E+02    0.50974E+02
   0.12042E+03    0.36156E+00    0.85722E+02    0.50977E+02
   0.12043E+03    0.36306E+00    0.85744E+02    0.50981E+02
   0.12043E+03    0.36334E+00    0.85759E+02    0.50979E+02
   0.12043E+03    0.36435E+00    0.85759E+02    0.50978E+02
   0.12043E+03    0.36481E+00    0.85747E+02    0.50975E+02
   0.12043E+03    0.36549E+00    0.85723E+02    0.50972E+02
   0.12044E+03    0.36611E+00    0.85694E+02    0.50967E+02
   0.12044E+03    0.36641E+00    0.85658E+02    0.50959E+02
   0.12044E+03    0.36716E+00    0.85615E+02    0.50950E+02
   0.12044E+03    0.36727E+00    0.85561E+02    0.50939E+02
   0.12044E+03    0.36813E+00    0.85500E+02    0.50930E+02
   0.12044E+03    0.36800E+00    0.85434E+02    0.50916E+02
   0.12044E+03    0.36894E+00    0.85366E+02    0.50904E+02
   0.12044E+03    0.36858E+00    0.85293E+02    0.50887E+02
   0.12044E+03    0.36958E+00    0.85213E+02    0.50872E+02
   0.12043E+03    0.36903E+00    0.85129E+02    0.50854E+02
   0.12043E+03    0.37007E+00    0.85042E+02    0.50839E+02
   0.12043E+03    0.36923E+00    0.84953E+02    0.50818E+02
   0.12043E+03    0.37028E+00    0.84861E+02    0.50801E+02
   0.12043E+03    0.36916E+00    0.84768E+02    0.50778E+02
   0.12043E+03    0.37020E+00    0.84671E+02    0.50760E+02
   0.12043E+03    0.36874E+00    0.84572E+02    0.50737E+02
   0.12042E+03    0.36975E+00    0.84471E+02    0.50719E+02
   0.12042E+03    0.36788E+00    0.84370E+02    0.50696E+02
   0.12042E+03    0.36885E+00    0.84269E+02    0.50677E+02
   0.12042E+03    0.36655E+00    0.84168E+02    0.50653E+02
   0.12042E+03    0.36746E+00    0.84063E+02    0.50634E+02
   0.12041E+03    0.36470E+00    0.83958E+02    0.50612E+02
   0.12041E+03    0.36554E+00    0.83853E+02    0.50595E+02
   0.12041E+03    0.36226E+00    0.83752E+02    0.50572E+02
   0.12041E+03    0.36301E+00    0.83651E+02    0.50555E+02
   0.12041E+03    0.35927E+00    0.83549E+02    0.50533E+02
   0.12040E+03    0.35993E+00    0.83444E+02    0.50518E+02
   0.12040E+03    0.35572E+00    0.83345E+02    0.50500E+02
   0.12040E+03    0.35628E+00    0.83248E+02    0.50486E+02
   0.12040E+03    0.35164E+00    0.83157E+02    0.50468E+02
   0.12040E+03    0.35208E+00    0.83063E+02    0.50455E+02
   0.12040E+03    0.34717E+00    0.82971E+02    0.50441E+02
   0.12039E+03    0.34750E+00    0.82882E+02    0.50432E+02
   0.12039E+03    0.34231E+00    0.82803E+02    0.50420E+02
   0.12039E+03    0.34252E+00    0.82726E+02    0.50411E+02
   0.12039E+03    0.33724E+00    0.82654E+02    0.50401E+02
   0.12039E+03    0.33734E+00    0.82581E+02    0.50396E+02
   0.12039E+03    0.33208E+00    0.82518E+02    0.50390E+02
   0.12039E+03    0.33207E+00    0.82460E+02    0.50387E+02
   0.12039E+03    0.32690E+00    0.82414E+02    0.50382E+02
   0.12039E+03    0.32678E+00    0.82368E+02    0.50381E+02
   0.12039E+03    0.32193E+00    0.82329E+02    0.50381E+02
   0.12038E+03    0.32171E+00    0.82296E+02    0.50383E+02
   0.12038E+03    0.31719E+00    0.82275E+02    0.50385E+02
   0.12038E+03    0.31688E+00    0.82260E+02    0.50388E+02
   0.12038E+03    0.31285E+00    0.82254E+02    0.50393E+02
   0.12038E+03    0.31246E+00    0.82250E+02    0.50398E+02
   0.12038E+03    0.30899E+00    0.82257E+02    0.50406E+02
   0.12038E+03    0.30852E+00    0.82272E+02    0.50414E+02
   0.12038E+03    0.30562E+00    0.82296E+02    0.50423E+02
   0.12038E+03    0.30510E+00    0.82325E+02    0.50432E+02
   0.12038E+03    0.30286E+00    0.82361E+02    0.50444E+02
   0.12038E+03    0.30229E+00    0.82402E+02    0.50454E+02
   0.12038E+03    0.30068E+00    0.82452E+02    0.50468E+02
   0.12038E+03    0.30007E+00    0.82508E+02    0.50479E+02
   0.12038E+03    0.29907E+00    0.82569E+02    0.50493E+02
   0.12038E+03    0.29844E+00    0.82634E+02    0.50505E+02
   0.12038E+03    0.29803E+00    0.82704E+02    0.50521E+02
   0.12038E+03    0.29739E+00    0.82778E+02    0.50533E+02
   0.12038E+03    0.29749E+00    0.82855E+02    0.50549E+02
   0.12038E+03    0.29686E+00    0.82935E+02    0.50561E+02
   0.12038E+03    0.29742E+00    0.83017E+02    0.50577E+02
   0.12038E+03    0.29681E+00    0.83101E+02    0.50589E+02
