   0.43828E+02
   0.43828E+02
   0.43828E+02
   0.43828E+02
   0.43828E+02
   0.40828E+02
   0.40828E+02
   0.40828E+02
   0.40828E+02
   0.40828E+02
   0.40546E+02
   0.40546E+02
   0.40546E+02
   0.40546E+02
   0.40546E+02
   0.40951E+02
   0.40951E+02
   0.40951E+02
   0.40951E+02
   0.40951E+02
   0.41081E+02
   0.41081E+02
   0.41081E+02
   0.41081E+02
   0.41081E+02
   0.41047E+02
   0.41047E+02
   0.41047E+02
   0.41047E+02
   0.41047E+02
   0.40891E+02
   0.40891E+02
   0.40891E+02
   0.40891E+02
   0.40891E+02
   0.40623E+02
   0.40623E+02
   0.40623E+02
   0.40623E+02
   0.40623E+02
   0.40262E+02
   0.40262E+02
   0.40262E+02
   0.40262E+02
   0.40262E+02
   0.39832E+02
   0.39832E+02
   0.39832E+02
   0.39832E+02
   0.39832E+02
   0.39359E+02
   0.39359E+02
   0.39359E+02
   0.39359E+02
   0.39359E+02
   0.38883E+02
   0.38883E+02
   0.38883E+02
   0.38883E+02
   0.38883E+02
   0.38455E+02
   0.38455E+02
   0.38455E+02
   0.38455E+02
   0.38455E+02
   0.38135E+02
   0.38135E+02
   0.38135E+02
   0.38135E+02
   0.38135E+02
   0.37971E+02
   0.37971E+02
   0.37971E+02
   0.37971E+02
   0.37971E+02
   0.37963E+02
   0.37963E+02
   0.37963E+02
   0.37963E+02
   0.37963E+02
   0.38098E+02
   0.38098E+02
   0.38098E+02
   0.38098E+02
   0.38098E+02
   0.38372E+02
   0.38372E+02
   0.38372E+02
   0.38372E+02
   0.38372E+02
   0.38718E+02
   0.38718E+02
   0.38718E+02
   0.38718E+02
   0.38718E+02
   0.39043E+02
   0.39043E+02
   0.39043E+02
   0.39043E+02
   0.39043E+02
   0.39275E+02
   0.39275E+02
   0.39275E+02
   0.39275E+02
   0.39275E+02
   0.39381E+02
   0.39381E+02
   0.39381E+02
   0.39381E+02
   0.39381E+02
   0.39367E+02
   0.39367E+02
   0.39367E+02
   0.39367E+02
   0.39367E+02
   0.39248E+02
   0.39248E+02
   0.39248E+02
   0.39248E+02
   0.39248E+02
   0.39041E+02
   0.39041E+02
   0.39041E+02
   0.39041E+02
   0.39041E+02
   0.38765E+02
   0.38765E+02
   0.38765E+02
   0.38765E+02
   0.38765E+02
   0.38430E+02
   0.38430E+02
   0.38430E+02
   0.38430E+02
   0.38430E+02
   0.38050E+02
   0.38050E+02
   0.38050E+02
   0.38050E+02
   0.38050E+02
   0.37651E+02
   0.37651E+02
   0.37651E+02
   0.37651E+02
   0.37651E+02
   0.37274E+02
   0.37274E+02
   0.37274E+02
   0.37274E+02
   0.37274E+02
   0.36973E+02
   0.36973E+02
   0.36973E+02
   0.36973E+02
   0.36973E+02
   0.36801E+02
   0.36801E+02
   0.36801E+02
   0.36801E+02
   0.36801E+02
   0.36784E+02
   0.36784E+02
   0.36784E+02
   0.36784E+02
   0.36784E+02
   0.36917E+02
   0.36917E+02
   0.36917E+02
   0.36917E+02
   0.36917E+02
   0.37158E+02
   0.37158E+02
   0.37158E+02
   0.37158E+02
   0.37158E+02
   0.37452E+02
   0.37452E+02
   0.37452E+02
   0.37452E+02
   0.37452E+02
   0.37739E+02
   0.37739E+02
   0.37739E+02
   0.37739E+02
   0.37739E+02
   0.37973E+02
   0.37973E+02
   0.37973E+02
   0.37973E+02
   0.37973E+02
   0.38126E+02
   0.38126E+02
   0.38126E+02
   0.38126E+02
   0.38126E+02
   0.38188E+02
   0.38188E+02
   0.38188E+02
   0.38188E+02
   0.38188E+02
   0.38165E+02
   0.38165E+02
   0.38165E+02
   0.38165E+02
   0.38165E+02
   0.38071E+02
   0.38071E+02
   0.38071E+02
   0.38071E+02
   0.38071E+02
   0.37923E+02
   0.37923E+02
   0.37923E+02
   0.37923E+02
