[ 34.26546326  -7.73717423]
[ 34.16504916  -7.71614476]
[ 32.98272171  -7.40854954]
[ 33.24581999  -7.43935369]
[ 34.16789485  -6.557567  ]
[ 34.35328305  -6.57881265]
[ 34.07388755  -6.68463381]
[ 34.09608599  -6.66013078]
[ 33.99672772  -6.25517754]
[ 34.0130065   -6.22835712]
[ 34.4115306   -5.56014719]
[ 34.47629342  -5.55670599]
[ 34.72515923  -5.15253352]
[ 34.77167024  -5.15079601]
[ 34.84665858  -4.92542527]
[ 34.82493538  -4.91032943]
[ 34.86190331  -4.71721369]
[ 34.84874171  -4.71003567]
[ 34.88603123  -4.58965253]
[ 34.86255055  -4.58502122]
[ 34.95119382  -4.6018933 ]
[ 34.96956734  -4.61604286]
[ 34.96937278  -4.72310479]
[ 34.96857574  -4.73702034]
[ 34.93431063  -4.94536806]
[ 34.9314358   -4.96420772]
[ 34.87087145  -5.28490914]
[ 34.85395245  -5.30552386]
[ 34.76125733  -5.74442896]
[ 34.73495364  -5.76830381]
[ 34.59992606  -6.31943963]
[ 34.55618236  -6.34406844]
[ 34.40477736  -7.01219233]
[ 34.35521551  -7.04114629]
[ 34.18674831  -7.82037195]
[ 34.08730118  -7.83780166]
[ 33.88051735  -8.70879911]
[ 33.79872658  -8.73783697]
[ 33.59152386  -9.69929848]
[ 33.51012812  -9.73157571]
[ 33.23056684 -10.73733932]
[ 33.10712642 -10.7572538 ]
[ 32.87823171 -11.8255691 ]
[ 32.76774845 -11.8478922 ]
[ 32.56438878 -12.94168099]
[ 32.36921579 -12.93106017]
[ 32.14177732 -14.00408875]
[ 32.00801238 -14.00721949]
[ 31.83137126 -15.05286613]
[ 31.71795691 -15.05272339]
[ 31.49024503 -16.01248568]
[ 31.34144821 -15.9895547 ]
[ 31.21246588 -16.887044  ]
[ 31.09465938 -16.8614412 ]
[ 31.0176319  -17.66166747]
[ 30.84459641 -17.6059164 ]
[ 30.76980724 -18.28083896]
[ 30.65784345 -18.23273927]
[ 30.63498644 -18.78674161]
[ 30.54350503 -18.73512724]
[ 30.50974069 -19.14769051]
[ 30.40908924 -19.08467974]
[ 30.42909212 -19.37485938]
[ 30.34612079 -19.3113759 ]
[ 30.41758626 -19.48351413]
[ 30.47408428 -19.4617926 ]
[ 30.67136074 -19.54749221]
[ 30.73862706 -19.52464941]
[ 30.92644262 -19.48770733]
[ 30.98579848 -19.46054775]
[ 31.1699761  -19.31308365]
[ 31.22792933 -19.28600523]
[ 31.40168283 -19.03987098]
[ 31.45816687 -19.01399759]
[ 31.61588123 -18.67909093]
[ 31.67085555 -18.65651587]
[ 31.81345381 -18.23796389]
[ 31.8649812 -18.2153991]
[ 31.99377105 -17.72323243]
[ 32.04348569 -17.70308738]
[ 32.15739241 -17.14952921]
[ 32.20211694 -17.13105763]
[ 32.29546062 -16.52256301]
[ 32.33978076 -16.50742997]
[ 32.41527716 -15.85778944]
[ 32.45919563 -15.84721374]
[ 32.51349465 -15.16670403]
[ 32.55037388 -15.15658774]
[ 32.59018772 -14.45975411]
[ 32.62375589 -14.45231186]
[ 32.67872822 -13.74944259]
[ 32.70252235 -13.74154271]
[ 32.75161116 -13.03874257]
[ 32.78134519 -13.0347293 ]
[ 32.82621212 -12.34754695]
[ 32.87891212 -12.35342518]
[ 32.89790442 -11.68981948]
[ 32.91112057 -11.68450172]
[ 32.93864116 -11.06344805]
[ 32.95694503 -11.06231377]
[ 33.01718356 -10.50478219]
[ 33.04041134 -10.50781622]
[ 33.05233218  -9.9965498 ]
[ 33.06495693  -9.99969492]
[ 33.06122146  -9.55516679]
[ 33.11316361  -9.57496132]
[ 33.1163801   -9.21310665]
[ 33.13707708  -9.22613669]
[ 33.11377575  -8.94411051]
[ 33.125946    -8.95854966]
[ 33.11493276  -8.77267079]
[ 33.13904671  -8.79525228]
[ 33.08460353  -8.69147246]
[ 33.09793401  -8.71526838]
[ 33.01624627  -8.70186698]
[ 33.043913    -8.73516684]
[ 32.95319265  -8.81609717]
[ 32.96258748  -8.84856803]
[ 32.85250425  -9.01751314]
[ 32.85532938  -9.05284109]
[ 32.73797609  -9.30925065]
[ 32.73983564  -9.3487418 ]
[ 32.60735109  -9.68519244]
[ 32.60489723  -9.72696904]
[ 32.46659354 -10.13799144]
[ 32.45238351 -10.17853126]
[ 32.30839591 -10.65134067]
[ 32.29841938 -10.69540051]
[ 32.16128754 -11.22195059]
[ 32.15288701 -11.26673227]
[ 32.00077364 -11.82355877]
[ 31.98089414 -11.86332326]
[ 31.85972937 -12.44837712]
[ 31.84776918 -12.48765941]
[ 31.75091613 -13.082482  ]
[ 31.70527316 -13.10566886]
[ 31.61117538 -13.68659113]
[ 31.59396122 -13.71365441]
[ 31.53468071 -14.27418179]
[ 31.52847007 -14.2977293 ]
[ 31.44955374 -14.80608597]
[ 31.42415246 -14.81586251]
[ 31.40171652 -15.28622686]
[ 31.3913919  -15.29285857]
[ 31.40103561 -15.70639718]
[ 31.34817    -15.69111406]
[ 31.35466566 -16.03115863]
[ 31.3372345  -16.02033394]
[ 31.37404769 -16.29083663]
[ 31.36641539 -16.2765608 ]
[ 31.37852308 -16.45881651]
[ 31.35190253 -16.43272076]
[ 31.40489031 -16.54796264]
[ 31.38910878 -16.52036341]
[ 31.45688026 -16.56121395]
[ 31.41615491 -16.5220175 ]
[ 31.47598686 -16.48511144]
[ 31.45515594 -16.44933389]
[ 31.52524741 -16.34395345]
[ 31.50886393 -16.30776725]
[ 31.57101998 -16.13491487]
[ 31.55151677 -16.09672458]
[ 31.61920213 -15.86564094]
[ 31.60262747 -15.82826887]
[ 31.66897496 -15.54391578]
[ 31.66307486 -15.51121196]
[ 31.73005174 -15.18387868]
[ 31.7196087  -15.15017815]
[ 31.77849263 -14.78261115]
[ 31.76720537 -14.75029869]
[ 31.845149   -14.36230833]
[ 31.84778688 -14.33646032]
[ 31.90138248 -13.9198228 ]
[ 31.89940138 -13.89498219]
[ 31.94092964 -13.46227417]
[ 31.97485168 -13.45231106]
[ 32.02596359 -13.02000288]
[ 32.03716366 -13.00479964]
[ 32.07141154 -12.57218748]
[ 32.07818432 -12.55863759]
[ 32.1420261  -12.14694466]
[ 32.16909792 -12.14281877]
[ 32.19759216 -11.73829811]
[ 32.21636653 -11.73458788]
[ 32.23053706 -11.35080574]
[ 32.28685199 -11.36278546]
[ 32.31270017 -11.01169245]
[ 32.34281334 -11.01768226]
[ 32.35124167 -10.69786119]
[ 32.37655497 -10.70522275]
[ 32.41015678 -10.43181538]
[ 32.45218018 -10.44737682]
[ 32.45607551 -10.20681612]
[ 32.4908734  -10.22283448]
[ 32.48353814 -10.0248033 ]
[ 32.54334075 -10.05149891]
[ 32.54420327  -9.90157526]
[ 32.58601304  -9.92474529]
[ 32.57568211  -9.8202004 ]
[ 32.61417098  -9.84468462]
[ 32.61653569  -9.79135542]
[ 32.66377354  -9.82058661]
[ 32.65106919  -9.81057164]
[ 32.69449756  -9.84043646]
[ 32.67821407  -9.87512142]
[ 32.72843659  -9.90854762]
[ 32.7155849   -9.98779961]
[ 32.76040903 -10.02092276]
[ 32.74629319 -10.14055802]
[ 32.79080293 -10.17444396]
[ 32.77552746 -10.33049638]
[ 32.8182848  -10.36422052]
[ 32.8078061 -10.5548439]
[ 32.85175603 -10.58903223]
