[-15.76619401  -0.37622874]
[-15.93100294  -0.37034773]
[-16.02706164  -0.20684417]
[-16.27879387  -0.19655694]
[-15.96969472  -1.18902425]
[-16.01182901  -1.12717455]
[-16.21479786  -0.86231162]
[-16.23789066  -0.88134914]
[-16.20308558  -1.30550613]
[-16.28046174  -1.3134768 ]
[-15.99541146  -2.17983671]
[-16.03159499  -2.1902347 ]
[-15.84311901  -2.73251879]
[-15.84952842  -2.74375745]
[-15.74481308  -3.04963724]
[-15.77588153  -3.03679513]
[-15.70437389  -3.27899605]
[-15.70513738  -3.28089772]
[-15.64001806  -3.43538021]
[-15.62452377  -3.43706438]
[-15.49227875  -3.48392527]
[-15.40485497  -3.5029332 ]
[-15.3403067   -3.40658086]
[-15.24233792  -3.42361699]
[-15.19819318  -3.20178687]
[-15.07796118  -3.22223025]
[-15.04520669  -2.86884325]
[-14.91593585  -2.88523089]
[-14.8990598   -2.39199781]
[-14.75793929  -2.40649929]
[-14.76817165  -1.77658274]
[-14.62548828  -1.78589392]
[-14.63316551  -1.02481209]
[-14.48144325  -1.03122999]
[-14.49011453  -0.14817262]
[-14.37833334  -0.1436927 ]
[-14.40901325   0.85407288]
[-14.27220673   0.86200397]
[-14.28890804   1.94851508]
[-14.15124208   1.95932001]
[-14.23113059   3.12663997]
[-14.14367107   3.15409462]
[-14.16359196   4.35440559]
[-14.07810987   4.38094768]
[-14.06861602   5.58584172]
[-14.09327823   5.63307521]
[-14.11097755   6.8271087 ]
[-14.10320647   6.8666165 ]
[-14.07829863   7.99555055]
[-14.08607177   8.03075819]
[-14.12552976   9.09060246]
[-14.20991767   9.13849279]
[-14.16447798  10.07545398]
[-14.25980737  10.11464784]
[-14.17808976  10.91407121]
[-14.37115902  10.96158155]
[-14.30367209  11.62601098]
[-14.47187522  11.66432509]
[-14.36935955  12.16755658]
[-14.54752071  12.19945304]
[-14.47016865  12.55025757]
[-14.68227151  12.58452293]
[-14.5609593   12.78056241]
[-14.77277415  12.80892727]
[-14.60926352  12.84729938]
[-14.69199837  12.82378326]
[-14.40704372  12.68942585]
[-14.4807571  12.6689024]
[-14.21366894  12.41490038]
[-14.29849539  12.39670425]
[-14.04663409  12.02796783]
[-14.13134029  12.01044357]
[-13.89528795  11.5519834 ]
[-13.97507941  11.53458882]
[-13.76116199  10.99622061]
[-13.83470856  10.97922826]
[-13.64698813  10.36933354]
[-13.71640533  10.35330562]
[-13.55520692   9.68322915]
[-13.61891426   9.6682854 ]
[-13.48729301   8.95513962]
[-13.54762365   8.94231116]
[-13.45477972   8.19370332]
[-13.50766858   8.18187579]
[-13.45181245   7.41394365]
[-13.49509266   7.40925145]
[-13.48183081   6.63617052]
[-13.52485296   6.62849232]
[-13.54723816   5.86142048]
[-13.5851109    5.85585816]
[-13.61398408   5.11477639]
[-13.65677121   5.11348128]
[-13.71954546   4.40022436]
[-13.75266891   4.39782761]
[-13.83828943   3.72068831]
[-13.84189407   3.71827629]
[-13.9612453    3.09040657]
[-13.99792086   3.09326119]
[-14.11222711   2.50722297]
[-14.13358362   2.50775195]
[-14.21038665   1.96988655]
[-14.21393557   1.96773553]
[-14.33302583   1.50214887]
[-14.33174439   1.50170269]
[-14.45663587   1.11052767]
[-14.39921254   1.09782518]
[-14.50460588   0.78173225]
[-14.4593574   0.7746254]
[-14.57678169   0.55064439]
[-14.52127536   0.54411799]
[-14.61153303   0.40252461]
[-14.52385573   0.39009352]
[-14.64127093   0.3540436 ]
[-14.54461308   0.34312527]
[-14.67299579   0.40887879]
[-14.54305144   0.3884203 ]
[-14.66552895   0.55335316]
[-14.53467543   0.54104783]
[-14.66349515   0.80901271]
[-14.52356716   0.79850408]
[-14.64957539   1.15708164]
[-14.49784533   1.14714155]
[-14.62684395   1.60390208]
[-14.47023287   1.59595957]
[-14.59579624   2.13404707]
[-14.44737056   2.12442561]
[-14.56949843   2.72983447]
[-14.41495386   2.72715343]
[-14.52223992   3.3829066 ]
[-14.36975977   3.3812178 ]
[-14.4863481    4.06925384]
[-14.3558028   4.0731765]
[-14.4347713    4.77523211]
[-14.31002684   4.77819446]
[-14.36044688   5.47154478]
[-14.28898032   5.47822389]
[-14.33497468   6.15172301]
[-14.25474135   6.15844888]
[-14.26448724   6.78401164]
[-14.19644445   6.78785252]
[-14.22626556   7.35922131]
[-14.20345779   7.3696501 ]
[-14.17482597   7.86684694]
[-14.16197114   7.87263606]
[-14.10128329   8.28443492]
[-14.15595363   8.29596318]
[-14.09928589   8.62752271]
[-14.14000011   8.63500488]
[-14.053502     8.86928389]
[-14.10321143   8.87317844]
[-14.04411325   9.02127843]
[-14.13026883   9.03072844]
[-14.03113572   9.08371624]
[-14.12051508   9.08923547]
[-14.00839713   9.05175139]
[-14.13446288   9.06190095]
[-14.03358905   8.94596585]
[-14.14724608   8.95243192]
[-14.04090185   8.75749672]
[-14.15563802   8.76251264]
[-14.06165807   8.50158699]
[-14.18312095   8.50766338]
[-14.08927525   8.18349736]
[-14.20895128   8.1889087 ]
[-14.12500878   7.81257495]
[-14.23141806   7.81767412]
[-14.15400277   7.39872919]
[-14.26368625   7.40280644]
[-14.20327639   6.95119366]
[-14.30954218   6.95586265]
[-14.23948069   6.47998216]
[-14.32611469   6.48066343]
[-14.29074919   5.99160756]
[-14.37546184   5.99419134]
[-14.36202137   5.50201371]
[-14.40259544   5.49996007]
[-14.389816     5.00854593]
[-14.44624084   5.00793833]
[-14.45864345   4.53298826]
[-14.51076373   4.53404384]
[-14.50079753   4.07340553]
[-14.52304066   4.06824425]
[-14.55700527   3.63886724]
[-14.57721828   3.63612984]
[-14.63182187   3.24329408]
[-14.6035544    3.23357209]
[-14.65140477   2.87291706]
[-14.63866041   2.86607769]
[-14.70674929   2.5536435 ]
[-14.68917719   2.54809184]
[-14.73250696   2.27444649]
[-14.68721129   2.26315775]
[-14.76118392   2.04397051]
[-14.71276455   2.03441585]
[-14.79657433   1.86940185]
[-14.71282149   1.85229151]
[-14.78552272   1.73444002]
[-14.7101691    1.72132648]
[-14.78994411   1.65928674]
[-14.70975714   1.64691114]
[-14.77151895   1.63000831]
[-14.67478026   1.61440423]
[-14.74445198   1.65308857]
[-14.64479438   1.63834098]
[-14.71184562   1.72562563]
[-14.60003695   1.70610745]
[-14.65652294   1.83684025]
[-14.54467758   1.82100176]
[-14.59480849   1.9930979 ]
[-14.48067682   1.97738113]
[-14.52450178   2.18312381]
[-14.41094004   2.16794323]
[-14.44070216   2.4069078 ]
[-14.32618786   2.3915011 ]
